-0.842580085241 2.08387661919 3.53641984283
-0.677698947621 4.74599202305 2.18676652603
1.47254434209 5.13762403412 9.32759463948
1.13150745025 3.08722113937 0.228588771578
-2.50974693465 -0.871370641478 3.91211823178
4.41901793256 -0.0512757508164 4.35132086288
2.82989344577 1.93495012543 0.185267595778
8.75884227619 2.53100137103 0.173746372084
2.11490247576 4.76574834357 1.71339809912
5.59964024552 4.21947048022 2.41073422137
-2.4620222013 3.00619550996 0.618509828575
4.25764147476 3.76023986286 2.27370248418
5.26474722701 2.18705247092 3.00973602546
3.79167251013 5.33020355084 3.64983962453
1.55006290204 3.00488938267 0.322841975015
1.84786415187 4.34959047129 6.13126141402
3.37992944301 4.77082392532 6.94898874173
3.45938782903 -0.0431379483522 8.71873739576
-2.97191404094 0.241586037924 1.89311959822
1.25535251641 4.5324956768 -0.765443165843
2.67330456681 0.385978669893 4.13620946371
1.09951661133 -0.113780157286 2.66096572461
6.01986972527 1.3275725684 3.51820370933
1.33642933589 4.95328964616 3.43278495694
3.81416317065 2.09222601701 1.00239309525
4.19166393837 6.69650255706 1.59240171372
-2.19796135647 6.89378754282 3.43592364994
8.22129918822 2.05248322427 5.15029460345
8.3990272796 5.77073493136 -0.146830428303
5.23253701247 6.95225303227 3.28872918581
0.707402851648 2.26047447831 4.30113745978
2.6182680347 6.40825722239 3.60043741644
4.36301377473 4.12331852706 1.80484678062
2.75002754711 2.92692828303 1.91070048911
0.158013601857 2.61140150313 3.67233621524
1.68072731384 2.64910848607 1.4936138828
2.25637284095 5.23565619043 1.94881782904
6.24378877519 2.07706059944 0.759456033457
4.33218204958 3.87311317525 2.17600813549
0.78645687535 6.43935389653 3.70979413292
2.93519594258 4.85885540073 1.56308126453
4.49917038998 6.73453814539 0.222771252174
-1.24007997606 3.7190734593 4.45123539709
3.03045659596 -0.0503830045575 3.26694277231
4.68705069688 -0.752798424745 -0.446092687917
2.5765819739 4.34225483738 5.81897334105
4.93956263222 5.57346315145 0.650620017451
3.2942085899 0.47607909921 7.22664165299
2.81506815153 4.00541389251 3.72361829214
3.51804962281 2.34192220597 2.61129821111
3.91947431556 7.78219371806 4.92822584424
3.02377651838 4.38953338899 3.04902734709
6.17771313351 4.35499711582 3.30271423695
7.07441206188 1.35391421364 5.26797834139
0.829485816523 -1.97045465442 3.36792608285
-1.81173890946 -2.42986437899 4.50249006267
3.5230422199 3.0493607083 4.78594976679
4.22526064673 3.57592891717 5.87976394213
1.10027526039 3.21375726032 2.5212017491
5.38890468026 2.28667253488 4.80120217498
8.10188164555 3.79765115128 6.64071122777
2.20549673004 3.08219948707 3.08900009419
0.208194336076 2.85435382693 4.27379005747
6.46674929151 2.05043307455 2.85054424107
1.25229376548 6.10073938211 1.39544416829
-1.52195502394 0.184482295663 3.11272911546
-2.51697719941 2.75325724199 3.23327489425
4.95270401155 3.50984643996 6.7628508031
3.11230334736 2.10225046515 7.03256631965
-0.104636518485 2.41210484617 3.12243234398
3.591244014 6.43348349812 6.04766847305
2.18351458561 4.77414013665 4.93933686902
3.75933529946 -1.64272513247 2.47677809132
2.89435658876 -1.44320693184 6.33408894137
2.34619877493 7.66726975889 6.63682272372
3.18649108829 1.89504912938 7.40632169822
3.87823601878 5.49362924805 5.00829553541
7.60180851314 0.634107624699 -1.06116175558
-0.639954512959 3.0023357179 4.09426702535
-1.3474874083 3.8591490056 4.3559086446
4.74554909061 2.16820906853 1.63707744394
4.54314771211 1.97143660235 6.12472382726
5.93706813984 6.55741895855 -1.78658712658
2.80212493617 3.13689802926 -1.76597049193
2.33471293445 1.7029022602 6.60148490387
5.20888686853 2.3360806457 2.01781675527
3.79783842804 6.43432863627 4.00639785948
7.15148755068 5.47221523176 1.64926199034
3.71372304067 2.02542192672 2.30373165658
4.81433708542 3.78677987141 2.77794517758
5.76694469854 1.73401824454 -0.867091121184
4.63179905623 1.76764700613 2.3231991666
3.16570362051 0.100060403716 5.30850992676
1.80185303776 1.73067355552 3.53818603671
4.6172637063 4.50090140562 0.123428131002
7.95408066545 1.38074452686 3.62342791475
4.82382107326 0.0895816424819 -1.14343306687
2.24501143457 2.06814420551 1.07334872929
3.28480319915 5.90857961898 2.52238564789
-1.70262890209 6.18449580718 1.91567948978
